43 43 43 58 11 57 43 43 63 18 63 43 43 37 29 11 12 12 30 36 43 43 43 63 18 63 43 43 43 43 58 11 12 59 43 40 41 54 11 12 13 55 42 43 43 43 43 43 43 43 
63 63 43 56 14 59 43 63 26 27 28 63 43 40 54 14 15 16 55 42 43 43 63 26 27 28 63 63 43 43 56 14 15 57 43 43 43 58 14 15 16 59 43 43 43 43 43 63 63 63 
10 10 63 58 15 57 63 10 10 10 10 10 63 43 56 16 14 15 59 43 63 64 10 10 10 10 10 10 63 43 58 16 14 59 43 43 43 56 16 14 15 57 43 43 63 63 64 10 10 10 
10 10 10 62 17 64 10 10 10 10 10 10 10 57 58 15 16 14 57 56 10 10 10 10 10 10 10 10 10 62 64 17 18 62 63 43 43 58 15 16 14 59 43 64 10 10 10 10 10 10 
10 10 10 23 24 25 10 10 10 10 10 10 10 59 56 14 14 16 59 58 10 10 10 10 10 10 10 10 10 10 23 24 24 25 10 62 63 64 17 18 19 62 64 10 10 10 10 10 10 10 
10 10 10 10 10 10 10 10 10 10 10 10 10 62 64 17 18 19 61 64 10 10 10 10 10 10 10 10 10 10 10 10 10 10 10 10 10 20 21 21 21 22 10 10 10 10 10 10 10 10 
10 10 10 10 10 10 10 10 10 10 10 10 10 10 20 24 21 27 22 10 10 10 10 10 10 10 10 10 10 10 10 10 10 10 10 10 10 10 10 10 10 10 10 10 10 10 10 10 10 10 
5 10 10 10 10 10 10 10 10 10 10 10 10 10 10 10 10 10 10 10 10 10 10 10 10 10 10 10 10 10 10 10 10 10 10 10 10 10 10 10 10 10 10 10 10 10 10 10 10 10 
8 29 10 10 10 10 10 10 30 29 10 10 10 10 10 10 10 10 10 10 10 10 10 10 10 10 30 35 29 10 10 10 10 10 10 10 10 10 10 10 10 10 10 10 10 10 10 10 0 43 
5 35 35 29 10 10 30 35 35 35 29 10 10 10 10 10 10 10 10 10 10 10 10 10 30 35 35 35 35 29 10 10 10 10 10 10 10 10 10 10 10 10 10 10 10 10 0 0 0 43 
8 35 35 35 35 35 35 35 35 35 35 29 10 10 10 10 10 10 10 10 10 10 10 30 35 35 35 35 35 35 29 10 10 10 10 10 10 10 10 10 10 10 10 10 10 0 0 0 0 43 
5 35 35 35 35 35 35 35 35 35 35 35 29 10 10 10 10 10 10 10 10 10 10 30 35 35 35 35 35 35 35 35 29 10 10 10 10 10 10 10 10 10 10 0 0 0 0 0 0 43 
8 35 35 35 35 35 35 35 35 35 35 35 35 29 10 10 10 10 30 35 35 35 35 35 35 35 35 35 35 35 35 35 35 29 10 10 10 10 10 10 10 0 0 0 0 0 0 0 0 43 
5 35 35 35 35 35 35 35 35 35 35 35 35 35 35 35 35 35 35 35 35 35 35 35 35 35 35 35 35 35 35 35 53 53 44 45 45 45 46 53 53 0 0 0 0 0 0 0 0 43 
8 35 35 35 35 35 35 35 35 35 35 35 35 35 35 35 35 35 35 35 35 35 35 35 35 35 35 35 35 35 35 35 53 53 47 48 48 48 49 53 53 0 0 0 0 0 0 0 0 43 
43 40 35 35 35 35 35 35 41 41 35 35 35 35 35 35 35 35 35 35 35 35 35 35 35 35 41 41 41 35 35 35 53 53 50 51 51 51 52 53 53 0 0 0 0 0 0 0 0 43 
33 43 40 41 35 35 41 42 43 43 40 35 35 35 35 35 35 35 35 35 35 35 35 35 41 42 43 43 43 40 41 29 10 10 10 10 10 10 0 0 0 0 0 0 0 0 0 0 0 43 
1 33 43 43 40 42 43 43 33 33 43 40 35 35 35 35 35 35 35 35 35 35 35 42 43 43 33 33 33 43 64 10 10 10 10 10 10 0 0 0 0 0 0 0 0 0 0 0 0 43 
8 35 33 33 43 43 33 33 35 35 33 43 40 35 35 35 35 35 35 35 35 35 35 43 33 33 35 35 35 64 10 10 10 10 10 10 0 0 0 0 0 0 0 0 0 0 0 0 0 43 
1 35 35 35 33 33 35 35 35 35 35 33 43 40 35 35 35 35 41 41 41 41 42 33 35 35 35 35 29 10 10 10 10 10 10 0 0 0 0 0 0 0 0 0 0 0 0 0 0 43 
8 35 35 35 35 35 35 35 35 35 35 35 33 43 40 41 41 42 43 43 43 43 43 35 35 35 35 29 10 10 10 10 10 10 0 0 0 0 0 0 0 0 0 0 0 0 0 0 0 43 
1 35 35 35 35 35 35 35 35 35 35 35 35 33 43 43 43 43 33 33 33 33 33 35 35 29 10 10 10 10 10 10 0 0 0 0 0 0 0 0 0 0 0 0 0 0 0 0 0 43 
8 35 35 35 35 35 35 35 35 35 35 35 35 35 33 33 33 33 35 35 35 35 35 35 29 10 10 10 10 10 10 0 0 0 0 0 0 0 0 0 0 0 0 0 0 0 0 0 0 43 
1 35 35 35 35 35 35 35 35 35 35 35 35 35 35 35 35 35 35 35 35 35 29 10 10 10 10 10 10 10 0 0 0 0 0 0 0 0 0 0 0 0 0 43 43 43 43 0 0 43 
8 35 35 35 35 35 35 35 35 35 35 35 35 35 35 35 35 35 35 35 29 10 10 10 10 10 10 10 0 0 0 0 0 0 0 0 0 0 0 0 0 0 43 33 33 33 33 43 43 43 
1 35 35 35 35 35 35 35 35 35 35 35 35 35 35 35 35 35 29 10 10 10 10 10 10 10 0 0 0 0 0 0 0 0 0 0 0 0 0 0 43 43 33 0 0 0 0 33 33 43 
8 35 35 35 35 35 35 35 35 35 35 35 35 35 35 35 29 10 10 10 10 10 10 0 0 0 0 0 0 0 0 0 0 0 0 0 0 0 43 43 33 33 0 0 0 0 0 0 0 43 
1 35 35 35 35 35 35 35 35 35 35 35 35 35 35 35 29 10 10 10 10 10 10 0 0 0 0 0 0 0 0 0 0 0 0 43 43 43 33 33 0 0 0 0 0 0 0 0 0 33 
8 35 35 35 35 35 35 35 35 35 35 35 35 35 29 10 10 10 10 10 10 10 0 0 0 0 0 0 0 0 0 0 43 43 43 33 33 33 0 0 0 0 0 0 0 0 0 0 0 43 
1 35 35 35 35 35 35 35 35 35 35 35 35 29 10 10 10 10 10 10 0 0 0 0 0 0 0 0 0 0 0 43 33 33 33 0 0 0 0 0 0 0 0 0 0 0 0 0 0 43 
8 35 35 35 35 35 35 35 35 35 35 35 35 29 10 10 10 10 10 10 0 0 0 0 0 0 0 0 0 0 43 33 0 0 0 0 0 0 0 0 0 0 0 0 0 0 0 0 0 43 
1 35 35 35 35 35 35 35 35 35 35 53 53 44 45 45 45 45 46 53 53 0 0 0 0 0 0 0 43 43 33 0 0 0 0 0 0 0 0 0 0 0 0 0 0 0 0 0 0 43 
8 35 35 35 35 35 35 35 35 35 35 53 53 47 48 48 48 48 49 53 53 0 0 0 0 0 43 43 33 33 0 0 0 0 0 0 0 0 0 0 0 0 0 0 0 0 0 0 0 43 
1 35 35 35 35 35 35 35 35 35 35 53 53 50 51 51 51 51 52 53 53 0 0 43 43 43 33 33 0 0 0 0 0 0 0 0 0 0 0 0 0 0 0 0 0 0 0 0 0 43 
8 35 35 35 35 35 35 35 35 35 35 35 35 35 29 10 10 10 10 10 10 43 43 33 33 33 0 0 0 0 0 0 0 0 0 0 0 0 0 0 0 0 0 0 0 0 0 0 0 43 
1 35 35 35 35 35 35 35 35 35 35 35 35 35 29 10 10 10 10 10 10 33 33 0 0 0 0 0 0 0 0 0 0 0 0 0 0 0 0 0 0 0 0 0 0 0 0 0 0 43 
8 35 35 35 35 35 35 35 35 35 35 35 35 35 29 10 10 10 10 10 10 30 0 0 0 0 0 0 0 0 0 0 0 0 0 0 0 0 0 0 0 0 0 0 0 0 0 0 0 43 
1 35 35 35 35 35 35 35 35 35 35 35 29 10 10 10 10 10 10 30 0 0 0 0 0 0 0 0 0 0 0 0 0 0 0 0 0 0 0 0 0 0 0 0 0 0 0 0 0 43 
8 35 35 35 35 35 35 35 35 35 35 29 10 10 10 10 10 10 30 0 0 0 0 0 0 0 0 0 0 0 0 0 0 0 0 0 0 0 0 0 0 0 0 0 0 0 0 0 0 43 
1 35 35 35 35 35 35 35 35 35 35 29 10 10 10 10 10 10 30 0 0 0 0 0 0 0 0 0 0 0 0 0 0 0 0 0 0 0 0 0 0 0 0 0 0 0 0 0 0 43 
4 35 35 35 35 35 35 35 35 35 35 35 29 10 10 10 10 10 10 30 0 0 0 0 0 0 0 0 0 0 0 0 0 0 0 0 0 0 0 0 0 0 0 0 0 0 0 0 0 43 
7 41 35 35 35 35 35 35 35 35 35 35 35 29 10 10 10 10 10 10 30 0 0 0 0 0 0 0 0 0 0 0 0 0 0 0 0 0 0 0 0 0 0 0 0 0 0 0 0 43 
43 43 40 35 35 35 35 35 35 35 35 35 35 35 29 10 10 10 10 10 10 30 0 0 0 0 0 0 0 0 0 0 0 0 0 0 0 0 0 0 0 0 0 0 0 0 0 0 0 43 
33 33 43 40 41 41 35 35 35 35 35 35 35 35 35 29 10 10 10 10 10 10 30 0 0 0 0 0 0 0 0 0 0 0 0 0 0 0 0 0 0 0 0 0 0 0 0 0 0 43 
9 1 2 43 43 43 40 41 35 35 35 35 35 35 35 53 53 44 45 45 45 45 45 45 46 53 53 0 0 0 0 0 0 0 0 0 0 0 0 0 0 0 0 0 0 0 0 0 0 43 
3 4 5 33 33 33 43 43 40 41 41 41 35 35 35 53 53 47 48 48 48 48 48 48 48 53 53 0 0 0 0 0 0 0 0 0 0 0 0 0 0 0 0 0 0 0 0 0 0 43 
6 7 8 1 2 2 33 33 43 43 43 43 40 35 35 53 53 50 51 51 51 51 51 51 52 53 53 0 0 0 0 0 0 0 0 0 0 0 0 0 0 0 0 0 0 0 0 0 0 43 
3 4 5 4 5 5 1 2 33 33 33 33 43 40 41 41 41 35 35 29 10 10 10 10 10 10 40 41 41 0 0 0 0 0 0 0 0 0 0 0 0 0 0 0 0 0 0 0 0 43 
6 4 5 7 7 8 4 5 1 1 1 1 33 43 43 43 43 40 41 41 41 42 10 10 10 10 10 10 43 40 41 41 41 41 41 41 41 41 41 0 0 0 0 0 0 0 0 0 0 43 
6 8 8 1 2 3 6 7 8 8 8 7 1 33 33 33 43 43 43 43 43 56 10 10 10 10 10 10 10 43 43 43 43 43 43 43 43 43 43 43 43 43 43 43 43 43 43 43 43 43 
