0 0 0 0 0 0 0 0 0 0 0 0 0 0 0 0 0 0 0 0 0 0 0 0 0 0 0 0 0 0 0 0 0 0 0 0 0 0 0 0 0 0 0 0 0 0 0 0 0 0 0 0
0 0 0 0 0 0 0 0 0 0 0 0 0 0 0 0 0 0 0 0 0 0 0 0 0 0 0 0 0 0 0 0 0 0 0 0 0 0 0 0 0 0 0 0 0 0 0 0 0 0 0 0
0 0 0 0 0 0 0 0 0 0 0 0 0 0 0 0 0 0 0 0 0 0 0 0 0 0 0 0 0 0 0 0 0 0 0 0 0 0 0 0 0 0 0 0 0 0 0 0 0 0 0 0
0 0 0 0 0 0 0 0 0 0 0 0 0 0 0 0 0 0 0 0 0 0 0 0 0 0 0 0 0 0 0 0 0 0 0 0 0 0 0 0 0 0 0 0 0 0 0 0 0 0 0 0
0 0 0 0 0 0 0 0 0 0 0 0 0 0 0 0 0 0 0 0 0 0 0 0 0 0 0 0 0 0 0 0 0 0 0 0 0 0 0 0 0 0 0 0 0 0 0 0 0 0 0 0
0 0 0 0 0 0 0 0 0 0 0 0 0 0 0 0 0 0 0 0 0 0 0 0 0 0 0 0 0 0 0 0 0 0 0 0 0 0 0 0 0 0 0 0 0 0 0 0 0 0 0 0
0 0 0 0 0 0 0 0 0 0 0 0 0 0 0 0 0 0 0 0 0 0 0 0 0 0 0 0 0 0 0 0 0 0 0 0 0 0 0 0 0 0 0 0 0 0 0 0 0 0 0 0
0 0 0 0 0 0 0 0 0 0 0 0 0 0 0 0 0 0 0 0 0 0 0 0 0 0 0 0 0 0 0 0 0 0 0 0 0 0 0 0 0 0 0 0 0 0 0 0 0 0 0 0
0 0 0 0 0 0 0 0 0 0 0 0 0 0 0 0 0 0 0 0 0 0 0 0 0 0 0 0 0 0 0 0 0 0 0 0 0 0 0 0 0 0 0 0 0 0 0 0 0 0 0 0
5 5 5 5 5 5 5 5 5 5 5 5 5 5 5 5 5 5 5 5 5 5 5 5 5 4 4 5 5 5 5 5 5 5 5 5 5 5 5 5 5 5 5 5 5 5 5 5 5 5 5 5
0 0 5 0 0 0 0 0 0 0 0 0 5 0 0 0 0 0 0 0 0 3 5 2 7 4 4 6 2 5 3 0 0 0 0 0 0 0 0 5 0 0 0 0 0 0 0 0 0 5 0 0
0 0 5 0 0 0 0 0 0 0 0 0 5 0 0 0 0 0 0 0 0 3 5 1 5 4 4 5 1 5 3 0 0 0 0 0 0 0 0 5 0 0 0 0 0 0 0 0 0 5 0 0
0 0 5 0 0 0 0 0 0 0 0 0 5 0 0 0 0 0 0 0 0 3 5 1 5 4 4 5 1 5 3 0 0 0 0 0 0 0 0 5 0 0 0 0 0 0 0 0 0 5 0 0
0 0 5 0 0 0 0 0 0 0 0 0 5 0 0 0 0 0 0 0 0 3 5 1 5 4 4 5 1 5 3 0 0 0 0 0 0 0 0 5 0 0 0 0 0 0 0 0 0 5 0 0
0 0 5 0 0 0 0 0 0 0 0 0 5 0 0 0 0 0 0 0 0 3 5 2 5 4 4 5 2 5 3 0 0 0 0 0 0 0 0 5 0 0 0 0 0 0 0 0 0 5 0 0
0 0 5 0 0 0 0 0 0 0 0 0 5 0 0 0 0 0 0 0 0 3 5 1 5 4 4 5 1 5 3 0 0 0 0 0 0 0 0 5 0 0 0 0 0 0 0 0 0 5 0 0
0 0 5 0 0 0 0 0 0 0 0 0 5 0 0 0 0 0 0 0 0 3 5 1 7 4 4 6 1 5 3 0 0 0 0 0 0 0 0 5 0 0 0 0 0 0 0 0 0 5 0 0
0 0 5 0 0 0 0 0 0 0 0 0 5 0 0 0 0 0 0 0 0 3 5 1 5 4 4 5 1 5 3 0 0 0 0 0 0 0 0 5 0 0 0 0 0 0 0 0 0 5 0 0
0 0 5 0 0 0 0 0 0 0 0 0 5 0 0 0 0 0 0 0 0 3 5 2 5 4 4 5 2 5 3 0 0 0 0 0 0 0 0 5 0 0 0 0 0 0 0 0 0 5 0 0
5 5 5 5 5 5 5 5 5 5 5 5 5 5 5 5 5 5 5 5 5 5 5 5 5 4 4 5 5 5 5 5 5 5 5 5 5 5 5 5 5 5 5 5 5 5 5 5 5 5 5 5
0 0 5 0 0 0 0 0 0 0 0 0 5 0 0 0 0 0 0 0 0 3 5 2 5 4 4 5 2 5 3 0 0 0 0 0 0 0 0 5 0 0 0 0 0 0 0 0 0 5 0 0
0 0 5 0 0 0 0 0 0 0 0 0 5 0 0 0 0 0 0 0 0 3 5 1 5 4 4 5 1 5 3 0 0 0 0 0 0 0 0 5 0 0 0 0 0 0 0 0 0 5 0 0
0 0 5 0 0 0 0 0 0 0 0 0 5 0 0 0 0 0 0 0 0 3 5 1 7 4 4 6 1 5 3 0 0 0 0 0 0 0 0 5 0 0 0 0 0 0 0 0 0 5 0 0
0 0 5 0 0 0 0 0 0 0 0 0 5 0 0 0 0 0 0 0 0 3 5 1 5 4 4 5 1 5 3 0 0 0 0 0 0 0 0 5 0 0 0 0 0 0 0 0 0 5 0 0
0 0 5 0 0 0 0 0 0 0 0 0 5 0 0 0 0 0 0 0 0 3 5 2 5 4 4 5 2 5 3 0 0 0 0 0 0 0 0 5 0 0 0 0 0 0 0 0 0 5 0 0
0 0 5 0 0 0 0 0 0 0 0 0 5 0 0 0 0 0 0 0 0 3 5 1 5 4 4 5 1 5 3 0 0 0 0 0 0 0 0 5 0 0 0 0 0 0 0 0 0 5 0 0
0 0 5 0 0 0 0 0 0 0 0 0 5 0 0 0 0 0 0 0 0 3 5 1 5 4 4 5 1 5 3 0 0 0 0 0 0 0 0 5 0 0 0 0 0 0 0 0 0 5 0 0
0 0 5 0 0 0 0 0 0 0 0 0 5 0 0 0 0 0 0 0 0 3 5 1 5 4 4 5 1 5 3 0 0 0 0 0 0 0 0 5 0 0 0 0 0 0 0 0 0 5 0 0
0 0 5 0 0 0 0 0 0 0 0 0 5 0 0 0 0 0 0 0 0 3 5 2 7 4 4 6 2 5 3 0 0 0 0 0 0 0 0 5 0 0 0 0 0 0 0 0 0 5 0 0
5 5 5 5 5 5 5 5 5 5 5 5 5 5 5 5 5 5 5 5 5 5 5 5 5 4 4 5 5 5 5 5 5 5 5 5 5 5 5 5 5 5 5 5 5 5 5 5 5 5 5 5
0 0 5 0 0 0 0 0 0 0 0 0 5 0 0 0 0 0 0 0 0 3 5 2 5 4 4 5 2 5 3 0 0 0 0 0 0 0 0 5 0 0 0 0 0 0 0 0 0 5 0 0
0 0 5 0 0 0 0 0 0 0 0 0 5 0 0 0 0 0 0 0 0 3 5 1 5 4 4 5 1 5 3 0 0 0 0 0 0 0 0 5 0 0 0 0 0 0 0 0 0 5 0 0
0 0 5 0 0 0 0 0 0 0 0 0 5 0 0 0 0 0 0 0 0 3 5 1 5 4 4 5 1 5 3 0 0 0 0 0 0 0 0 5 0 0 0 0 0 0 0 0 0 5 0 0
0 0 5 0 0 0 0 0 0 0 0 0 5 0 0 0 0 0 0 0 0 3 5 1 5 4 4 5 1 5 3 0 0 0 0 0 0 0 0 5 0 0 0 0 0 0 0 0 0 5 0 0
0 0 5 0 0 0 0 0 0 0 0 0 5 0 0 0 0 0 0 0 0 3 5 2 7 4 4 6 2 5 3 0 0 0 0 0 0 0 0 5 0 0 0 0 0 0 0 0 0 5 0 0
0 0 5 0 0 0 0 0 0 0 0 0 5 0 0 0 0 0 0 0 0 3 5 1 5 4 4 5 1 5 3 0 0 0 0 0 0 0 0 5 0 0 0 0 0 0 0 0 0 5 0 0
0 0 5 0 0 0 0 0 0 0 0 0 5 0 0 0 0 0 0 0 0 3 5 1 5 4 4 5 1 5 3 0 0 0 0 0 0 0 0 5 0 0 0 0 0 0 0 0 0 5 0 0
0 0 5 0 0 0 0 0 0 0 0 0 5 0 0 0 0 0 0 0 0 3 5 1 5 4 4 5 1 5 3 0 0 0 0 0 0 0 0 5 0 0 0 0 0 0 0 0 0 5 0 0
0 0 5 0 0 0 0 0 0 0 0 0 5 0 0 0 0 0 0 0 0 3 5 2 5 4 4 5 2 5 3 0 0 0 0 0 0 0 0 5 0 0 0 0 0 0 0 0 0 5 0 0
5 5 5 5 5 5 5 5 5 5 5 5 5 5 5 5 5 5 5 5 5 5 5 5 5 4 4 5 5 5 5 5 5 5 5 5 5 5 5 5 5 5 5 5 5 5 5 5 5 5 5 5
0 0 5 0 0 0 0 0 0 0 0 0 5 0 0 0 0 0 0 0 0 3 5 2 7 4 4 6 2 5 3 0 0 0 0 0 0 0 0 5 0 0 0 0 0 0 0 0 0 5 0 0
0 0 5 0 0 0 0 0 0 0 0 0 5 0 0 0 0 0 0 0 0 3 5 1 5 4 4 5 1 5 3 0 0 0 0 0 0 0 0 5 0 0 0 0 0 0 0 0 0 5 0 0
0 0 5 0 0 0 0 0 0 0 0 0 5 0 0 0 0 0 0 0 0 3 5 1 5 4 4 5 1 5 3 0 0 0 0 0 0 0 0 5 0 0 0 0 0 0 0 0 0 5 0 0
0 0 5 0 0 0 0 0 0 0 0 0 5 0 0 0 0 0 0 0 0 3 5 1 5 4 4 5 1 5 3 0 0 0 0 0 0 0 0 5 0 0 0 0 0 0 0 0 0 5 0 0
0 0 5 0 0 0 0 0 0 0 0 0 5 0 0 0 0 0 0 0 0 3 5 2 5 4 4 5 2 5 3 0 0 0 0 0 0 0 0 5 0 0 0 0 0 0 0 0 0 5 0 0
0 0 5 0 0 0 0 0 0 0 0 0 5 0 0 0 0 0 0 0 0 3 5 1 5 4 4 5 1 5 3 0 0 0 0 0 0 0 0 5 0 0 0 0 0 0 0 0 0 5 0 0
0 0 5 0 0 0 0 0 0 0 0 0 5 0 0 0 0 0 0 0 0 3 5 1 7 4 4 6 1 5 3 0 0 0 0 0 0 0 0 5 0 0 0 0 0 0 0 0 0 5 0 0
0 0 5 0 0 0 0 0 0 0 0 0 5 0 0 0 0 0 0 0 0 3 5 1 5 4 4 5 1 5 3 0 0 0 0 0 0 0 0 5 0 0 0 0 0 0 0 0 0 5 0 0
0 0 5 0 0 0 0 0 0 0 0 0 5 0 0 0 0 0 0 0 0 3 5 2 5 4 4 5 2 5 3 0 0 0 0 0 0 0 0 5 0 0 0 0 0 0 0 0 0 5 0 0
5 5 5 5 5 5 5 5 5 5 5 5 5 5 5 5 5 5 5 5 5 5 5 5 5 4 4 5 5 5 5 5 5 5 5 5 5 5 5 5 5 5 5 5 5 5 5 5 5 5 5 5
0 0 0 0 0 0 0 0 0 0 0 0 0 0 0 0 0 0 0 0 0 0 0 0 0 0 0 0 0 0 0 0 0 0 0 0 0 0 0 0 0 0 0 0 0 0 0 0 0 0 0 0
0 0 0 0 0 0 0 0 0 0 0 0 0 0 0 0 0 0 0 0 0 0 0 0 0 0 0 0 0 0 0 0 0 0 0 0 0 0 0 0 0 0 0 0 0 0 0 0 0 0 0 0